1013.73 697.044 1007.22 694.294 993.518 690.25 
1071.67 209.103 1066.69 210.542 1054.17 210.712 
996 713 990.063 710.125 976.874 705.932 
1015.56 654.536 1009.04 652.027 995.207 648.309 
1133.61 417.405 1128.26 417.705 1115.13 416.595 
1041.84 538.496 1035.4 537.156 1021.46 534.463 
1010.03 760.851 1003.55 757.576 990.149 753.331 
1015.71 605.471 1009.3 603.285 995.45 599.866 
968.301 745.065 962.684 741.734 949.986 737.299 
957.138 674.556 951.509 671.578 938.607 667.568 
1055.39 536.327 1048.81 535.004 1035.07 532.497 
721.636 167.076 736.174 169.741 741.841 171.284 
1012.39 539.327 1006.02 537.596 992.185 534.6 
1110.66 649.875 1104.6 648.271 1091.35 645.305 
1014.15 640.647 1007.56 638.191 993.483 634.475 
813.3 179.919 826.035 182.601 830.176 184.428 
1017.18 668.671 1010.69 665.997 996.944 662.245 
1027.34 673.45 1020.92 670.872 1007.41 667.097 
1045.72 659.168 1039.44 656.841 1025.81 653.364 
1083.86 645.908 1077.56 644.005 1063.89 640.865 
1035.25 539.813 1028.68 538.463 1014.59 535.698 
1073.78 665.729 1067.43 663.676 1053.74 660.355 
1014.55 685.441 1008.04 682.698 994.325 678.732 
1015.56 654.536 1009.04 652.027 995.205 648.309 
976.606 609.383 970.548 607.043 957.321 603.399 
987 571 980.713 568.903 967.125 565.588 
924.6 163.08 930.278 165.067 895.204 166.269 
996 557 989.719 555.206 976.087 552.15 
1068.87 659.993 1062.45 657.871 1048.78 654.506 
997.484 511.654 991.045 510.17 977.232 507.446 
1055.36 536.317 1048.78 534.992 1035.04 532.486 
1035.79 233.75 1039.88 233.543 1032.33 232 
1061 675 1054.68 672.717 1041.11 669.165 
1095 639 1088.78 637.228 1075.15 634.208 
1014.4 625.501 1007.81 623.241 993.686 619.54 
975.139 774.95 969.545 771.465 956.713 766.92 
1119.29 753.27 1114.13 750.899 1101.73 747.081 
1118.19 399.228 1112.31 399.242 1098.97 397.85 
1011.96 776.65 1005.44 773.442 992.046 769.149 
1051.77 537.304 1045.16 535.989 1031.3 533.478 
1067 646 1060.57 643.963 1046.99 640.643 
989.263 730.211 983.204 726.946 969.99 722.744 
964.504 739.432 958.887 736.15 946.167 731.65 
942.438 209.298 959.653 217.692 954.35 219.477 
968.275 744.998 962.662 741.673 949.96 737.239 
974.714 686.475 968.818 683.411 955.685 679.404 
1030.17 558.675 1023.64 557.15 1009.72 554.228 
975.464 670.107 969.578 667.191 956.417 663.265 
976 729 969.979 725.717 956.684 721.321 
1009.08 550.971 1002.69 549.238 988.753 546.22 
992 533 985.614 531.244 972.137 528.278 
1037 687 1030.64 684.452 1017.27 680.66 
971.067 644.691 965.099 641.958 952.157 638.183 
763.824 236.533 775.733 238.538 779.256 239.437 
1035.25 539.811 1028.68 538.461 1014.6 535.696 
979 498 972.768 496.568 959.073 493.951 
1009.92 760.86 1003.46 757.585 990.042 753.34 
976.268 624.223 970.208 621.792 956.99 618.126 
973.929 702.018 968.144 698.9 955.082 694.708 
1011.31 726 1004.89 723.1 991.431 718.976 
1015 510 1008.64 508.579 994.84 505.915 
970.797 644.803 964.832 642.081 951.892 638.295 
982.024 548.788 975.677 546.898 962.187 543.837 
959 709 953.407 705.754 940.633 701.567 
997.48 511.658 991.04 510.174 977.228 507.45 
1013.41 581.327 1007.05 579.303 993.221 576.011 
959 667 953.32 664.098 940.397 660.108 
1056.74 552.546 1050.17 551.171 1036.1 548.574 
1088.93 547.423 1082.44 546.283 1068.48 543.957 
1015.71 605.466 1009.3 603.281 995.45 599.861 
1014.97 685.368 1008.45 682.62 994.717 678.656 
979 509 972.669 507.376 958.873 504.612 
1071.66 209.102 1066.68 210.542 1054.16 210.711 
700 82 717.91 85.1624 726.905 87.4493 
927.473 145.723 909.565 157.311 905.643 152.885 
1040.3 674.231 1033.97 671.765 1020.45 668.049 
959 699 953.282 695.787 940.401 691.659 
572 72 589.536 75.1293 597.963 77.1201 
1026.26 660.059 1019.76 657.597 1006.22 653.935 
976.196 769.832 970.586 766.411 957.805 761.895 
1007.15 232.659 1002.7 233.921 1014.99 232.231 
1107 660 1101.05 658.217 1087.86 655.051 
568.825 207.825 582.769 209.267 588.201 209.852 
816.21 235.574 828.381 237.807 832.431 239.082 
974.715 686.495 968.818 683.431 955.685 679.424 
1067 564 1060.51 562.615 1046.3 560.086 
150.336 247.448 168.294 246.745 175.853 245.769 
1026 560 1019.65 558.426 1006.01 555.506 
1058.75 555.448 1052.22 554.064 1038.1 551.467 
1096 664 1089.79 662.117 1076.26 658.847 
1128 454 1122.36 453.475 1109.05 451.715 
669 83 685.526 86.3113 692.909 88.7159 
503 123 520.904 125.345 529.224 126.769 
968 717 962.313 713.719 949.463 709.43 
961.267 819.264 956.045 815.419 943.613 810.669 
608.48 79.856 626.128 82.8595 634.743 84.9425 
421.216 177.468 437.848 178.795 445.137 179.365 
706 157 720.679 159.4 726.408 160.638 
975.424 591.139 969.22 588.802 955.653 585.425 
1108.62 538.629 1102.36 537.749 1088.65 535.369 
165 257 182.541 256.137 189.835 254.78 
156.227 74.7725 180.509 76.3966 194.782 77.3477 
1088.87 195.857 1084.81 197.22 1127.23 173.867 
1053 683 1046.65 680.658 1033.23 677.003 
907 7 926.068 11.5175 936.516 14.9138 
462.394 129.822 480.106 132.278 488.363 134.003 
806.167 205.383 818.783 207.875 822.962 209.435 
691.133 113.977 706.302 116.669 712.56 118.264 
87 133 111.997 133.541 126.205 133.993 
1396.37 0.236344 1423.84 0.744495 1441.59 -0.0298295 
1082.55 120.055 1077.46 122.761 1064.26 123.829 
209.846 37.6173 233.174 39.4057 246.525 40.6349 
702.813 34.0224 722.31 37.6219 732.899 40.3265 
1058 652 1051.5 649.896 1037.84 646.521 
534 245 547.441 245.862 551.892 245.877 
46.6222 287.068 64.8848 285.031 72.6705 282.939 
632 88 649.815 91.0862 658.857 93.3013 
1040.31 674.227 1033.97 671.761 1020.45 668.045 
484 130 502.107 132.191 511.026 133.572 
313 233 329.035 232.922 335.572 232.506 
776.136 224.004 788.336 225.826 792.112 226.627 
202.937 270.941 219.629 270.059 226.23 268.782 
943.178 608.783 937.473 606.294 925.007 602.646 
1050.9 190.34 1045.82 192.078 1032.15 192.585 
719.774 8.00543 740.704 11.8605 752.42 14.7028 
983 713 977.139 709.983 964.134 705.837 
71.1525 139.485 96.1223 139.846 110.342 140.009 
1072.06 552.201 1065.42 550.931 1051.29 548.52 
942.425 209.293 959.731 217.715 954.415 219.502 
1054.53 231.894 1048.45 233.638 947.041 255.1 
1094.06 244.258 1094.25 253.876 1086.7 262.811 
871 451 867.99 450.656 857.745 449.811 
883.715 385.854 882.301 393.399 876.319 395.585 
655 97 672.514 99.9595 681.372 102.087 
196.72 242.742 214.101 242.132 221.432 241.166 
1055.01 231.922 1049.15 233.617 958.919 252.934 
890.746 683.817 886.556 680.401 875.248 676.05 
337 223 353.257 223.208 360.172 222.94 
1219.34 100.062 1234.44 104.731 1240.84 108.064 
126 72 150.755 73.7162 165.155 74.7004 
776.044 223.749 788.252 225.59 792.035 226.396 
121.086 260.497 138.964 259.225 146.465 257.815 
1109 413 1103.22 412.599 1089.83 410.88 
1007.14 232.698 1002.69 233.967 1014.97 232.274 
1083 234 1078.84 237.068 1067.11 239.248 
118 151 141.565 151.687 154.352 152.119 
317.31 186.438 336.093 187.288 344.706 187.475 
231 264 247.683 263.368 254.197 262.285 
281.073 238.608 297.681 238.404 304.114 237.728 
540.991 136.828 557.76 139.224 565.388 140.458 
890.721 683.792 886.531 680.376 875.221 676.021 
903 152 916.897 155.661 966.605 178.011 
1079 659 1072.79 656.948 1059.3 653.605 
105.9 306.563 122.779 304.413 129.276 302.27 
152 158 174.516 158.809 186.803 159.416 
1049 569 1042.65 567.4 1028.8 564.554 
338 175 355.277 175.896 362.727 176.208 
141.04 294.417 157.56 292.507 164.114 290.67 
513.425 254.549 527.075 255.267 531.568 255.191 
284 214 301.124 214.225 308.576 213.8 
875.844 751.978 872.983 749.411 863.007 746.192 
1158.32 2.34646 1184.73 4.42094 1192.9 8.60687 
61 295 78.9245 292.889 86.2282 290.666 
721.64 167.075 736.178 169.741 741.845 171.283 
260 254 276.655 253.555 283.038 252.705 
530 99 547.978 101.68 557.172 103.542 
478.096 120.961 496.394 123.254 505.402 124.777 
889.226 150.731 902.734 154.042 909.431 156.189 
732.439 62.8882 750.62 66.2823 759.858 68.8154 
362 213 378.268 213.609 384.922 213.539 
1110.76 649.811 1104.71 648.21 1091.46 645.244 
237 349 251.131 346.748 255.227 344.549 
620 92 637.632 94.8764 646.32 96.9531 
1098 543 1091.55 541.952 1078.01 539.489 
880 356 876.972 356.105 866.407 355.858 
355 187 371.895 187.933 379.436 188.173 
-2.15603 146.125 22.1849 145.873 35.6607 145.405 
146 144 169.314 144.982 182.253 145.668 
235.31 30.2801 260.007 32.4536 274.243 34.0694 
251 227 268.302 226.956 275.935 226.417 
871.715 369.6 870.852 376.724 858.897 371.446 
888.892 719.26 884.833 715.301 873.5 710.789 
878.099 299.456 880.484 289.165 877.193 283.333 
171 287 187.649 285.542 194.034 284.029 
26 308 44.0867 305.43 51.4528 302.957 
285 270 300.437 269.387 306.621 268.504 
302.463 199.933 319.644 200.373 327.389 200.346 
1002.33 801.65 996.154 798.196 983.224 793.531 
386 228 401.566 228.527 407.824 228.367 
734.911 16.9801 755.681 20.2725 768.138 22.2348 
4 217 27.1222 216.253 39.7496 215.521 
1127 525 1121.36 523.821 1108.39 521.348 
223 236 240.544 235.742 247.864 235.03 
941.06 111.74 901.412 149.756 895.871 151.189 
512 88 529.701 91.1424 538.384 93.0283 
321.338 23.6535 344.198 26.4553 356.881 28.5615 
643 77 660.855 80.0964 669.925 82.2843 
887.512 10.1794 906.955 14.6053 917.414 17.8785 
484.235 267.288 497.79 267.641 502.061 267.361 
916.936 189.418 925.782 191.538 911.937 181.917 
913 165 923.986 167.316 917.844 165.695 
79.3002 275.538 97.4672 273.681 104.866 271.884 
90.5965 62.7399 116.194 64.3126 131.288 65.5821 
421.932 228.684 437.284 229.463 443.346 229.481 
501 227 515.534 228.1 521.324 228.356 
1089.43 547.434 1082.93 546.301 1068.98 543.974 
1609.72 595.778 1628.08 603.967 1636.8 609.733 
567 85 584.666 87.9895 592.791 90.1133 
475 239 489.719 239.789 495.205 239.767 
39.9442 334.507 56.9795 331.56 63.9318 328.851 
536 47 557.04 50.2821 568.939 52.6757 
12.2002 299.854 30.623 297.429 38.6672 295.107 
897 742.801 892.714 738.89 881.257 734.366 
1111.77 266.502 1107.29 269.577 1094.95 270.616 
771.767 889.029 767.011 882.731 755.475 876.405 
218.623 349.524 233.025 347.263 237.699 345.057 
680.83 86.9659 696.981 90.3073 703.98 92.7828 
362 238 377.847 238.292 383.979 237.978 
842.454 253.296 854.131 255.657 857.377 256.965 
372 220 388.08 220.575 394.722 220.521 
997 771 990.684 767.599 977.679 763.216 
461.171 184.069 477.515 185.429 484.797 185.937 
1004.26 313.546 1014.05 313.973 1016.41 314.153 
691.139 113.995 706.306 116.686 712.564 118.281 
489 238 503.39 238.74 508.683 238.81 
508.723 96.4331 526.544 99.3268 535.26 101.128 
721.598 167.083 736.133 169.747 741.804 171.292 
370.54 172.258 388.444 173.398 396.616 173.97 
1050.1 277.547 1048.26 284.699 1032.45 294.534 
94 283 111.524 281.069 118.991 279.324 
196 39 219.51 40.9505 233.35 42.2309 
530.261 154.588 546.435 156.578 553.597 157.696 
332 196 349.051 196.636 356.433 196.717 
846 277 856.334 278.81 858.607 279.591 
284.693 195.982 303.13 196.289 311.808 196.117 
184 154 206.551 155.129 218.904 155.832 
298 223 314.798 223.014 321.944 222.709 
462.243 150.277 479.555 152.234 487.491 153.22 
384 205 400.268 205.79 406.989 205.917 
1016.53 564.348 1010.03 562.497 996.06 559.43 
690.877 9.24055 711.738 13.1021 723.398 15.7859 
996.924 363.457 1004.73 363.543 1006.17 362.662 
367.677 195.72 384.673 196.588 392.003 196.836 
1077 181 1085.74 185.474 1279.66 99.1697 
410 219 425.467 219.687 431.749 219.874 
2.36099 128.908 31.1541 128.632 48.0269 128.368 
403.328 155.281 422.765 156.633 432.367 157.411 
347 229 363.259 229.303 370.005 229.008 
512 175 527.97 176.703 534.816 177.543 
1000 250 998.002 255.155 1010.27 252.149 
168.262 54.7309 192.803 56.3794 207.165 57.6103 
421.22 177.462 437.852 178.789 445.141 179.36 
172 122 195.337 123.148 208.752 123.798 
855 289 865.119 291.018 872.735 288.252 
1110.13 537.293 1103.88 536.433 1090.3 534.009 
198 304 213.837 302.439 219.522 300.756 
892 367 889.525 366.558 889.202 379.313 
1007.14 232.69 1002.69 233.958 1014.98 232.265 
789 208 801.813 210.289 805.828 211.693 
539 28 560.991 31.4973 574.373 34.0553 
1110.11 537.308 1103.86 536.448 1090.28 534.027 
788 22 806.946 26.0029 816.988 28.9948 
497 160 513.629 161.817 520.79 162.749 
961.589 226.285 958.052 227.745 946.242 227.808 
73 324 89.8901 321.45 96.5082 319.007 
610.549 167.53 624.992 169.691 630.501 170.879 
418 201 434.322 202.006 441.255 202.247 
277 298 292.003 297.091 297.445 295.716 
804 26 822.606 30.0252 832.15 33.1385 
432.99 205.63 448.826 206.617 455.445 206.881 
132 330 148.378 327.752 154.155 325.438 
208 126 230.932 127.064 243.508 127.73 
527.368 162.741 543.267 164.592 550.31 165.573 
541.347 203.714 556.268 204.89 562.396 205.505 
495 135 512.465 137.071 520.461 138.342 
721.754 106.227 739.214 109.314 747.705 111.485 
68 226 90.0716 225.25 101.94 224.419 
650.827 42.4113 671.005 45.9893 681.596 48.5278 
1019.3 192.358 1018.82 193.773 1009.51 194.099 
694.378 10.101 715.236 13.8961 726.986 16.6765 
961.593 226.286 958.057 227.746 946.246 227.809 
897.149 550.208 892.82 547.961 881.102 544.789 
697 146 711.733 148.51 717.469 150.009 
183 295 199.77 293.406 206.076 291.848 
1193.17 1001.27 1181.66 996.723 1163.49 990.747 
563 143 579.235 145.17 586.853 146.497 
125 103 149.538 104.134 164.22 104.769 
1099 257 1095.92 262.325 1085.18 266.557 
887.545 10.1674 906.989 14.5943 917.446 17.8662 
1016.53 564.348 1010.03 562.497 996.06 559.43 
888 673 883.689 669.591 872.317 665.391 
0.424111 943.528 0.497646 934.026 0.798877 920.023 
256.692 29.5898 280.749 31.8714 294.803 33.6133 
525 215 539.386 216.231 545.044 216.571 
374.569 249.557 390.122 249.643 395.827 249.193 
1011.21 744.091 1004.74 740.918 991.217 736.774 
311 259 326.488 258.606 332.594 257.908 
1090.99 175.564 1084.24 190.27 1071.98 195.356 
682 77 698.956 80.5237 706.782 83.1436 
339 248 354.811 247.922 360.753 247.505 
888 523 884.053 521.04 872.719 518.213 
352.068 259.411 367.285 259.264 373.146 258.63 
503 41 524.648 44.0359 536.798 46.4054 
591 143 607.13 145.343 614.322 146.707 
1114.59 388.862 1108.78 388.871 1095.44 387.554 
515 128 532.113 130.386 540.005 131.767 
304 287 318.884 286.28 324.157 285.198 
815.764 12.8753 834.633 17.104 844.694 20.1342 
330 296 344.13 295.326 348.791 294.187 
859.131 22.7915 878.196 27.039 888.246 30.0813 
542 143 558.306 145.239 565.822 146.422 
296 196 313.608 196.41 321.882 196.42 
458.992 238.336 473.162 239.085 478.704 238.958 
1062.47 277.255 1052.96 291.789 1033.34 301.562 
356 285 370.07 284.564 375.173 283.645 
1462.94 602.591 1489.14 568.309 1541.3 489.09 
